asia_AUC: [0.5125, 0.575, 0.45, 0.45, 0.625, 0.45, 0.5625, 0.5625, 0.5625, 0.5625]


survey_AUC: [0.5835, 0.4445, 0.5835, 0.4445, 0.4445, 0.528, 0.528, 0.4445, 0.528, 0.528]


alarm_AUC: [0.7699999999999999, 0.7745, 0.719, 0.755, 0.694, 0.6715, 0.6615, 0.6795, 0.6900000000000001, 0.6645]


barley_AUC: [0.547, 0.562, 0.549, 0.5515, 0.5525, 0.5405, 0.535, 0.517, 0.5245000000000001, 0.5055000000000001]


insurance_AUC: [0.638, 0.641, 0.6865, 0.6900000000000001, 0.617, 0.6105, 0.6445000000000001, 0.654, 0.5675, 0.63]


hailfinder_AUC: [0.6210000000000001, 0.6765, 0.6220000000000001, 0.6065, 0.6385, 0.617, 0.609, 0.595, 0.62, 0.6035]